eval_loss = 0.039030469954013824
eval_acc = 0.99
eval_f1 = 0.978723404255319
eval_acc_and_f1 = 0.9843617021276595
epoch = 3.0
total_flos = 16188931454906880
