eval_loss = 0.04787274822592735
eval_acc = 0.988
eval_f1 = 0.9744680851063829
eval_acc_and_f1 = 0.9812340425531915
epoch = 3.0
total_flos = 16188931454906880
