eval_loss = 0.19075976312160492
eval_acc = 0.943
eval_f1 = 0.8905950095969289
eval_acc_and_f1 = 0.9167975047984644
epoch = 3.0
total_flos = 5086034795082240
