eval_loss = 0.03430827334523201
eval_acc = 0.99
eval_f1 = 0.9788135593220338
eval_acc_and_f1 = 0.984406779661017
epoch = 3.0
total_flos = 16188931454906880
