eval_loss = 0.15777654945850372
eval_acc = 0.951
eval_f1 = 0.9059500959692899
eval_acc_and_f1 = 0.9284750479846449
epoch = 3.0
total_flos = 5086034795082240
