eval_loss = 0.20806869864463806
eval_acc = 0.944
eval_f1 = 0.8935361216730038
eval_acc_and_f1 = 0.9187680608365019
epoch = 3.0
total_flos = 5086034795082240
