eval_loss = 0.02955298125743866
eval_acc = 0.992
eval_f1 = 0.9842519685039369
eval_acc_and_f1 = 0.9881259842519685
epoch = 4.0
total_flos = 17268193551900672
