eval_loss = 0.046466484665870667
eval_acc = 0.988
eval_f1 = 0.9745762711864406
eval_acc_and_f1 = 0.9812881355932204
epoch = 3.0
total_flos = 16188931454906880
