eval_loss = 0.04376046359539032
eval_acc = 0.99
eval_f1 = 0.9786324786324786
eval_acc_and_f1 = 0.9843162393162392
epoch = 4.0
total_flos = 21585241939875840
