eval_loss = 0.04069265350699425
eval_acc = 0.986
eval_f1 = 0.9703389830508474
eval_acc_and_f1 = 0.9781694915254238
epoch = 5.0
total_flos = 8476724658470400
