eval_loss = 0.023256059736013412
eval_acc = 0.996
eval_f1 = 0.9914163090128756
eval_acc_and_f1 = 0.9937081545064378
epoch = 5.0
total_flos = 26981552424844800
