eval_loss = 0.02145884558558464
eval_acc = 0.996
eval_f1 = 0.9920634920634921
eval_acc_and_f1 = 0.994031746031746
epoch = 6.0
total_flos = 25902290327851008
