eval_loss = 0.11867480725049973
eval_acc = 0.956
eval_f1 = 0.9075630252100839
eval_acc_and_f1 = 0.9317815126050419
epoch = 5.0
total_flos = 8476724658470400
