eval_loss = 0.12075323611497879
eval_acc = 0.964
eval_f1 = 0.9305019305019304
eval_acc_and_f1 = 0.9472509652509652
epoch = 5.0
total_flos = 8476724658470400
