eval_loss = 0.051977865397930145
eval_acc = 0.985
eval_f1 = 0.9681528662420383
eval_acc_and_f1 = 0.9765764331210192
epoch = 3.0
total_flos = 16188931454906880
