eval_loss = 0.06805308163166046
eval_acc = 0.982
eval_f1 = 0.9647058823529412
eval_acc_and_f1 = 0.9733529411764705
epoch = 5.0
total_flos = 8476724658470400
