eval_loss = 0.06330671161413193
eval_acc = 0.982
eval_f1 = 0.9620253164556961
eval_acc_and_f1 = 0.9720126582278481
epoch = 3.0
total_flos = 16188931454906880
