eval_loss = 0.1864728480577469
eval_acc = 0.934
eval_f1 = 0.8700787401574802
eval_acc_and_f1 = 0.9020393700787401
epoch = 2.0
total_flos = 3390689863388160
