eval_loss = 0.1926788091659546
eval_acc = 0.947
eval_f1 = 0.8937875751503006
eval_acc_and_f1 = 0.9203937875751502
epoch = 3.0
total_flos = 5086034795082240
