eval_loss = 0.03278230503201485
eval_acc = 0.994
eval_f1 = 0.9871794871794872
eval_acc_and_f1 = 0.9905897435897436
epoch = 5.0
total_flos = 26981552424844800
