eval_loss = 0.06588868796825409
eval_acc = 0.983
eval_f1 = 0.9640591966173361
eval_acc_and_f1 = 0.973529598308668
epoch = 3.0
total_flos = 16188931454906880
