eval_loss = 0.20436184108257294
eval_acc = 0.923
eval_f1 = 0.8533333333333333
eval_acc_and_f1 = 0.8881666666666667
epoch = 3.0
total_flos = 5086034795082240
