eval_loss = 0.06304406374692917
eval_acc = 0.978
eval_f1 = 0.9568627450980393
eval_acc_and_f1 = 0.9674313725490196
epoch = 3.0
total_flos = 12951145163925504
