eval_loss = 0.04272545501589775
eval_acc = 0.987
eval_f1 = 0.9722814498933903
eval_acc_and_f1 = 0.9796407249466952
epoch = 3.0
total_flos = 16188931454906880
