eval_loss = 0.006840227171778679
eval_acc = 0.996
eval_f1 = 0.9914529914529914
eval_acc_and_f1 = 0.9937264957264957
epoch = 10.0
total_flos = 16953449316940800
