eval_loss = 0.04719773679971695
eval_acc = 0.987
eval_f1 = 0.9723991507430998
eval_acc_and_f1 = 0.9796995753715498
epoch = 3.0
total_flos = 16188931454906880
