eval_loss = 0.04876616597175598
eval_acc = 0.985
eval_f1 = 0.9684210526315788
eval_acc_and_f1 = 0.9767105263157894
epoch = 3.0
total_flos = 16188931454906880
