eval_loss = 0.017392989248037338
eval_acc = 0.997
eval_f1 = 0.994059405940594
eval_acc_and_f1 = 0.995529702970297
epoch = 5.0
total_flos = 21585241939875840
