eval_loss = 0.045254990458488464
eval_acc = 0.991
eval_f1 = 0.980891719745223
eval_acc_and_f1 = 0.9859458598726115
epoch = 3.0
total_flos = 16188931454906880
