eval_loss = 0.010924148373305798
eval_acc = 0.996
eval_f1 = 0.9914163090128756
eval_acc_and_f1 = 0.9937081545064378
epoch = 10.0
total_flos = 53963104849689600
