eval_loss = 0.06207511946558952
eval_acc = 0.983
eval_f1 = 0.9643605870020965
eval_acc_and_f1 = 0.9736802935010482
epoch = 3.0
total_flos = 16188931454906880
