eval_loss = 0.11579762399196625
eval_acc = 0.965
eval_f1 = 0.9301397205588822
eval_acc_and_f1 = 0.9475698602794411
epoch = 3.0
total_flos = 5086034795082240
